variables = "X", "Y", "Area Fraction"
zone N=1360, E=2612, F=FEPOINT, ET=TRIANGLE

  14	  25	0.0512
  29	   0	0.0486
  43	  25	0.0543
 942	  25	0.0533
 493	 950	0.0771
 464	 900	0.0829
 957	 500	0.0716
 957	  50	0.0579
 957	   0	0.0400
 478	 925	0.0924
 449	 925	0.0743
 319	 850	0.0986
 913	  25	0.0567
 942	 475	0.0729
 971	 475	0.0705
 957	 450	0.0717
  14	 775	0.0561
  29	 800	0.0562
   0	 800	0.0456
  43	 775	0.0695
  29	 750	0.0714
 333	 875	0.0981
 478	 475	0.0581
 348	 850	0.1105
 957	 750	0.0708
 957	 800	0.0579
 957	 950	0.0614
 739	 925	0.0805
 768	 925	0.0800
 507	 975	0.0657
 681	 425	0.1305
 667	 450	0.1248
 493	 350	0.1148
 478	 325	0.1295
 522	 450	0.0676
 536	 475	0.0652
  29	  50	0.0610
   0	  50	0.0584
 246	 175	0.1286
 942	 425	0.0724
 841	 400	0.1186
 594	 225	0.1443
 609	 250	0.1462
   0	 850	0.0553
   0	 950	0.0511
 449	 975	0.0724
 261	 950	0.0676
 522	 500	0.0614
 275	 925	0.0795
 304	 875	0.1005
 899	 850	0.1033
 884	 875	0.1043
 855	 875	0.0967
 841	 850	0.1076
 841	 950	0.0719
 957	 850	0.0708
 971	 875	0.0680
 710	 925	0.0862
 725	 900	0.0914
 913	 925	0.0881
 942	 975	0.0571
 928	 950	0.0671
 899	 950	0.0590
 913	 975	0.0524
 928	 500	0.0738
 957	 550	0.0696
 928	 450	0.0795
 826	 875	0.1000
 942	 675	0.0710
 536	 975	0.0543
 594	 975	0.0457
 580	 950	0.0600
 522	 950	0.0676
 565	 375	0.0990
 507	 425	0.0752
 536	 425	0.0729
 652	 475	0.1076
 681	 475	0.1176
 696	 450	0.1357
 507	 325	0.1152
 493	 300	0.1414
 159	 125	0.0933
 348	   0	0.0438
 362	  25	0.0490
 290	   0	0.0533
 304	  25	0.0533
  58	  50	0.0695
 319	 150	0.1052
 232	 300	0.1490
 971	  75	0.0651
 812	 100	0.0919
 623	  75	0.0738
 638	 100	0.0905
 609	   0	0.0571
 594	  25	0.0552
 594	  75	0.0733
 638	   0	0.0543
 652	  25	0.0629
 638	  50	0.0724
 609	  50	0.0614
 667	 100	0.0948
 783	 100	0.0900
 754	 100	0.0833
 768	 125	0.0962
 710	 425	0.1390
 855	 375	0.1090
 826	 425	0.1205
 797	 375	0.1271
 812	 350	0.1229
 710	 225	0.1476
 797	 225	0.1267
 681	 175	0.1186
 667	 200	0.1386
 652	 175	0.1224
 754	 250	0.1476
 783	 250	0.1305
 696	 250	0.1348
  14	 975	0.0586
  14	 875	0.0518
  29	 900	0.0590
   0	 900	0.0538
  29	 850	0.0600
  43	 875	0.0681
  58	 900	0.0667
  87	 900	0.0714
  14	 725	0.0516
  43	 725	0.0710
 130	 675	0.1071
 174	 750	0.1248
  72	 775	0.0762
 464	 950	0.0767
 435	 950	0.0690
 406	 900	0.0848
 246	 975	0.0552
 290	 950	0.0671
 304	 975	0.0638
 319	 900	0.0871
 261	 750	0.1462
 493	 700	0.1281
 362	 875	0.1038
 377	 850	0.1081
 377	 900	0.0890
 391	 875	0.0933
 507	 925	0.0957
 638	 900	0.0971
 449	 775	0.1505
 536	 775	0.1467
 507	 525	0.0486
 435	 500	0.0719
 348	 450	0.1067
 348	 350	0.1033
 319	 350	0.1210
 478	 425	0.0838
 319	 450	0.1224
 333	 475	0.1205
 174	 950	0.0700
 203	 950	0.0662
 232	 450	0.1424
 246	 425	0.1376
   0	 450	0.0457
  14	 425	0.0510
  29	 450	0.0643
  14	 225	0.0503
   0	 250	0.0339
  29	 250	0.0567
 913	 825	0.0910
 928	 850	0.0786
 826	 925	0.0829
 812	 950	0.0719
 783	 950	0.0771
 739	 975	0.0686
 725	 950	0.0843
 754	 950	0.0776
 768	 875	0.0914
 754	 900	0.0852
 913	 875	0.0862
 942	 875	0.0624
 870	 950	0.0638
 855	 925	0.0748
 884	 925	0.0733
 957	 900	0.0670
 942	 925	0.0743
 971	 925	0.0569
 928	 900	0.0786
 855	 975	0.0657
 826	 975	0.0590
 913	 525	0.0795
 841	 600	0.1081
 812	 600	0.1219
 812	 850	0.1105
 797	 875	0.0938
 942	 775	0.0648
 899	 700	0.0829
 899	 800	0.0919
 928	 800	0.0814
 884	 725	0.0986
 725	 450	0.1348
 739	 425	0.1400
 609	 950	0.0552
 536	 375	0.0876
 551	 400	0.0862
 594	 375	0.0943
 667	 500	0.1133
 681	 525	0.1271
 652	 525	0.1148
 580	 400	0.0890
 638	 450	0.0986
 652	 425	0.1076
 565	 475	0.0767
 638	 500	0.0957
 623	 525	0.0914
 319	 300	0.1348
 304	 325	0.1371
 449	 325	0.1233
 464	 300	0.1371
 522	 300	0.1367
 261	   0	0.0552
 217	  25	0.0571
 203	  50	0.0686
 203	   0	0.0619
 232	  50	0.0648
 217	 125	0.0990
 203	 100	0.0957
 217	  75	0.0814
 188	  75	0.0733
 377	   0	0.0438
 348	  50	0.0738
 333	  25	0.0505
 275	  25	0.0624
 261	  50	0.0681
 290	  50	0.0743
 116	   0	0.0486
 130	  25	0.0610
  72	  25	0.0595
  87	  50	0.0643
  58	   0	0.0514
 130	  75	0.0790
 116	 100	0.0933
 159	  25	0.0690
 174	   0	0.0629
   0	 150	0.0578
 232	 200	0.1405
 348	 150	0.0938
 333	 125	0.1043
 304	 125	0.1119
 290	 100	0.0862
  72	 275	0.0876
 942	  75	0.0686
 928	   0	0.0476
 884	  25	0.0571
 870	   0	0.0657
 855	  75	0.0848
 826	  75	0.0848
 580	  50	0.0614
 696	   0	0.0638
 667	   0	0.0590
 667	  50	0.0690
 652	  75	0.0762
 522	   0	0.0505
 623	 175	0.1343
 971	 375	0.0665
 957	 400	0.0650
 739	 175	0.1190
 797	 125	0.1067
 812	  50	0.0676
 797	  75	0.0800
 783	  50	0.0662
 768	  75	0.0762
 710	  75	0.0771
 739	  75	0.0800
 696	  50	0.0586
 681	  75	0.0719
 710	 175	0.1095
 667	 150	0.1100
 710	 125	0.0943
 725	 150	0.1029
 696	 400	0.1310
 913	 425	0.0776
 899	 450	0.0833
 870	 450	0.0990
 855	 475	0.1057
 884	 475	0.0905
 928	 400	0.0657
 884	 375	0.1024
 870	 400	0.1095
 899	 350	0.0810
 913	 375	0.0781
 928	 350	0.0910
 841	 300	0.1171
 870	 350	0.0971
 841	 350	0.1081
 884	 325	0.0986
 913	 325	0.0895
 841	 450	0.1114
 768	 425	0.1500
 783	 400	0.1324
 768	 375	0.1386
 754	 350	0.1557
 783	 350	0.1295
 739	 225	0.1433
 551	 250	0.1424
 565	 225	0.1500
 580	 250	0.1386
 681	 225	0.1519
 768	 325	0.1457
 754	 300	0.1586
 768	 275	0.1562
 696	 300	0.1181
 681	 275	0.1305
 594	 275	0.1310
 580	 300	0.1281
 725	 350	0.1429
 710	 325	0.1329
 696	 350	0.1181
 739	 325	0.1633
 725	 300	0.1476
  72	 975	0.0629
  58	 950	0.0638
 116	 950	0.0738
 101	 925	0.0743
 130	 975	0.0762
  14	 925	0.0575
  29	 950	0.0638
  43	 825	0.0686
  58	 850	0.0748
 145	 900	0.0990
 116	 900	0.0929
 101	 875	0.0981
 116	 850	0.1048
   0	 700	0.0456
   0	 600	0.0603
 203	 650	0.1252
 217	 625	0.1452
 159	 625	0.1100
 130	 625	0.1043
 174	 650	0.1152
 188	 625	0.1276
  87	 650	0.0738
 101	 675	0.0905
 188	 675	0.1119
 159	 675	0.1148
 145	 650	0.1152
 145	 700	0.0976
 101	 775	0.0781
 159	 775	0.1162
 145	 750	0.1110
 188	 775	0.1333
 203	 750	0.1310
 174	 800	0.1138
 435	 900	0.0867
 420	 925	0.0690
 391	 925	0.0886
 362	 975	0.0743
 348	 950	0.0643
 290	 900	0.0962
 275	 575	0.1433
 232	 600	0.1405
 261	 600	0.1543
 348	 550	0.1081
 261	 500	0.1495
 261	 550	0.1424
 246	 525	0.1414
 261	 650	0.1410
 203	 700	0.1338
 188	 725	0.1281
 246	 725	0.1590
 232	 750	0.1400
 275	 725	0.1386
 290	 750	0.1390
 319	 650	0.1129
 333	 725	0.1481
 304	 675	0.1300
 522	 750	0.1438
 493	 750	0.1514
 464	 750	0.1543
 449	 725	0.1443
 319	 750	0.1371
 333	 825	0.1114
 275	 775	0.1448
 304	 775	0.1357
 406	 800	0.1390
 435	 800	0.1357
 377	 550	0.0924
 391	 525	0.0967
 420	 875	0.1043
 435	 850	0.1171
 406	 850	0.1052
 391	 825	0.1214
 783	 850	0.1052
 536	 925	0.0700
 551	 950	0.0586
 449	 825	0.1138
 710	 875	0.1095
 681	 875	0.1029
 696	 850	0.1162
 681	 825	0.1224
 652	 775	0.1443
 449	 525	0.0700
 507	 475	0.0638
 493	 500	0.0548
 493	 600	0.0910
 507	 625	0.0957
 536	 625	0.1005
 493	 550	0.0629
 362	 375	0.1105
 304	 375	0.1300
 507	 375	0.0995
 420	 425	0.0833
 391	 425	0.0990
 464	 500	0.0648
 290	 450	0.1290
 275	 475	0.1376
 319	 500	0.1200
 188	 975	0.0619
 232	 950	0.0690
 246	 925	0.0776
 217	 925	0.0710
 159	 925	0.0838
 159	 875	0.1067
 275	 875	0.1005
 261	 850	0.1052
 159	 375	0.1133
 145	 350	0.1081
 203	 300	0.1157
 188	 325	0.1310
 130	 325	0.1038
 159	 325	0.1210
 174	 400	0.1233
 188	 375	0.1257
 275	 325	0.1529
 290	 350	0.1400
 275	 375	0.1343
 261	 350	0.1562
 275	 425	0.1333
 304	 425	0.1219
 232	 400	0.1400
 217	 425	0.1400
 290	 400	0.1248
   0	 500	0.0586
  14	 475	0.0530
  14	 375	0.0491
   0	 350	0.0659
  43	 475	0.0657
  72	 425	0.0738
  43	 425	0.0710
  14	 275	0.0419
  14	 325	0.0625
  29	 350	0.0714
  43	 375	0.0681
  29	 400	0.0505
  72	 325	0.0786
  87	 350	0.0805
 116	 400	0.0857
 942	 825	0.0790
 971	 825	0.0658
 783	 900	0.0838
 812	 900	0.0967
 841	 900	0.0895
 768	 975	0.0714
 797	 975	0.0600
 899	 900	0.0952
 870	 900	0.0852
 870	 600	0.1067
 899	 550	0.0829
 928	 550	0.0729
 942	 525	0.0810
 971	 675	0.0655
 971	 725	0.0579
 971	 575	0.0622
 826	 625	0.1038
 928	 650	0.0633
 913	 675	0.0748
 855	 625	0.1014
 696	 500	0.1238
 754	 550	0.1362
 783	 550	0.1271
 768	 525	0.1329
 797	 525	0.1290
 870	 550	0.0976
 855	 825	0.1143
 884	 825	0.1024
 942	 725	0.0643
 870	 800	0.1162
 913	 775	0.0795
 551	 650	0.1057
 522	 650	0.1110
 565	 625	0.0971
 623	 975	0.0410
 623	 925	0.0890
 638	 950	0.0657
 710	 975	0.0819
 681	 925	0.0733
 696	 950	0.0867
 565	 925	0.0690
 551	 850	0.1100
 609	 900	0.0924
 522	 400	0.0776
 565	 425	0.0814
 710	 525	0.1300
 623	 475	0.0948
 594	 475	0.0829
 580	 500	0.0810
 391	 325	0.1205
 362	 325	0.1076
 420	 275	0.1486
 406	 300	0.1414
 391	 275	0.1486
 348	 300	0.1195
 362	 275	0.1319
 333	 325	0.1148
 377	 400	0.1095
 406	 400	0.0990
 420	 325	0.1181
 406	 350	0.1048
 435	 300	0.1276
 464	 350	0.1252
 435	 350	0.1071
 174	  50	0.0714
 319	  50	0.0805
 116	  50	0.0629
 101	  25	0.0481
  58	 100	0.0676
  72	  75	0.0738
  14	 125	0.0586
  29	 100	0.0490
  14	  75	0.0584
  43	  75	0.0686
  29	 200	0.0590
   0	 200	0.0547
  43	 225	0.0667
 101	 175	0.0810
 261	 200	0.1362
 246	 225	0.1605
 275	 225	0.1495
 217	 225	0.1562
 217	 275	0.1390
 188	 275	0.1305
 174	 250	0.1319
 377	 200	0.1219
 391	 175	0.1105
 333	 175	0.1300
 420	 175	0.1195
 406	 150	0.1167
 377	  50	0.0690
 391	 125	0.0957
 420	 125	0.0967
 348	 100	0.0990
 232	 100	0.1033
 290	 150	0.1124
 275	 125	0.1033
 101	 275	0.0862
  43	 275	0.0662
  58	 250	0.0748
  87	 250	0.0838
 290	 250	0.1476
 304	 225	0.1410
 246	 275	0.1414
 304	 275	0.1438
 275	 275	0.1357
 261	 250	0.1490
 333	 275	0.1471
 333	 225	0.1319
 899	  50	0.0652
 928	  50	0.0652
 884	 225	0.1062
 913	 225	0.0857
 899	 250	0.0833
 870	 250	0.0952
 884	 275	0.0890
 841	   0	0.0495
 870	  50	0.0695
 841	  50	0.0752
 551	   0	0.0467
 565	  25	0.0548
 580	 200	0.1324
 493	 200	0.1233
 565	  75	0.0810
 536	  75	0.0848
 522	  50	0.0667
 507	  75	0.0733
 507	 175	0.1186
 768	 225	0.1300
 754	 200	0.1295
 797	 175	0.1224
 783	 150	0.1114
 725	 100	0.0914
 710	  25	0.0643
 725	  50	0.0690
 696	 150	0.0938
 667	 400	0.1076
 855	 525	0.1171
 870	 500	0.1052
 971	 275	0.0701
 899	 400	0.0957
 957	 350	0.0762
 942	 325	0.0786
 928	 300	0.0719
 971	 325	0.0642
 942	 375	0.0671
 870	 300	0.1033
 826	 475	0.1238
 855	 425	0.1081
 739	 275	0.1486
 725	 250	0.1433
 652	 225	0.1452
 638	 200	0.1362
 667	 250	0.1410
 812	 250	0.1267
 812	 300	0.1367
 855	 275	0.1095
 797	 325	0.1281
 783	 300	0.1429
 797	 275	0.1352
 826	 275	0.1252
 667	 300	0.1143
 739	 375	0.1552
  72	 925	0.0719
  87	 950	0.0733
 145	 950	0.0733
 130	 925	0.0800
  58	 800	0.0810
  87	 850	0.1000
 101	 825	0.1071
  72	 875	0.0790
  14	 675	0.0495
  29	 700	0.0543
  43	 675	0.0562
  14	 625	0.0590
  29	 600	0.0667
  43	 625	0.0671
  43	 575	0.0633
  29	 650	0.0543
   0	 650	0.0592
  14	 525	0.0635
  29	 500	0.0605
  43	 525	0.0657
  29	 550	0.0533
   0	 550	0.0488
 174	 600	0.1224
  72	 675	0.0748
  87	 700	0.0924
 116	 700	0.0929
 130	 725	0.0962
 159	 725	0.1086
 101	 725	0.0862
  58	 750	0.0743
 116	 750	0.0933
  87	 750	0.0752
 145	 800	0.1205
 130	 775	0.1052
 406	 950	0.0648
 420	 975	0.0590
 348	 900	0.0848
 362	 925	0.0800
 377	 950	0.0776
 319	 950	0.0676
 304	 925	0.0752
 304	 525	0.1186
 333	 525	0.1124
 246	 475	0.1467
 290	 500	0.1400
 304	 475	0.1276
 275	 525	0.1367
 275	 625	0.1400
 304	 625	0.1133
 290	 650	0.1300
 261	 700	0.1533
 246	 675	0.1414
 275	 675	0.1405
 232	 700	0.1590
 217	 725	0.1424
 217	 675	0.1290
 232	 650	0.1338
 290	 700	0.1400
 304	 725	0.1429
 478	 725	0.1424
 507	 725	0.1338
 348	 750	0.1557
 333	 775	0.1362
 362	 825	0.1171
 319	 800	0.1195
 420	 775	0.1371
 435	 750	0.1505
 362	 575	0.1038
 435	 600	0.0862
 435	 700	0.1324
 464	 700	0.1310
 362	 725	0.1476
 377	 750	0.1567
 420	 525	0.0800
 406	 550	0.0819
 406	 500	0.0790
 377	 500	0.0971
 391	 475	0.0800
 478	 575	0.0848
 449	 575	0.0762
 768	 825	0.1143
 841	 700	0.1090
 855	 725	0.1024
 449	 875	0.1033
 493	 900	0.0981
 522	 900	0.0910
 464	 800	0.1386
 464	 850	0.1033
 478	 875	0.1014
 739	 875	0.1090
 754	 800	0.1205
 710	 825	0.1219
 696	 800	0.1319
 696	 900	0.0852
 667	 900	0.0852
 652	 925	0.0819
 667	 850	0.1124
 652	 825	0.1029
 667	 800	0.1224
 580	 800	0.1381
 507	 775	0.1471
 464	 550	0.0752
 478	 525	0.0610
 507	 675	0.1171
 493	 650	0.0995
 478	 675	0.1124
 551	 600	0.0948
 536	 575	0.0762
 522	 600	0.0924
 507	 575	0.0843
 522	 550	0.0548
 536	 525	0.0629
 333	 425	0.1100
 362	 425	0.1000
 348	 400	0.1152
 333	 375	0.1210
 478	 375	0.1052
 377	 450	0.0876
 435	 450	0.0686
 420	 475	0.0790
 406	 450	0.0824
 348	 500	0.1129
 362	 475	0.1019
 362	 525	0.1114
 188	 925	0.0767
 203	 900	0.0852
 145	 850	0.1010
 130	 875	0.1090
 174	 900	0.0924
 203	 800	0.1310
 232	 800	0.1195
 217	 825	0.1214
 232	 850	0.1071
 232	 900	0.0886
 203	 350	0.1352
 232	 350	0.1552
 101	 325	0.0857
 116	 350	0.0895
 145	 300	0.1029
 116	 300	0.0976
 174	 300	0.0952
 246	 325	0.1624
 246	 375	0.1467
 261	 400	0.1414
  58	 300	0.0838
  43	 325	0.0643
  72	 375	0.0767
 913	 575	0.0814
 928	 600	0.0800
 913	 625	0.0762
 957	 650	0.0701
 971	 625	0.0714
 942	 575	0.0638
 957	 600	0.0710
 754	 600	0.1452
 884	 625	0.1000
 870	 650	0.1071
 899	 600	0.1038
 841	 650	0.1081
 884	 675	0.0957
 739	 475	0.1486
 710	 475	0.1262
 710	 575	0.1390
 725	 600	0.1343
 739	 575	0.1448
 797	 575	0.1319
 768	 575	0.1329
 812	 500	0.1290
 855	 575	0.1005
 826	 575	0.1276
 841	 550	0.1095
 826	 525	0.1248
 899	 750	0.0976
 913	 725	0.0790
 928	 750	0.0690
 884	 775	0.1076
 522	 700	0.1210
 536	 675	0.1186
 580	 650	0.1124
 594	 675	0.1190
 609	 650	0.1157
 536	 725	0.1400
 551	 750	0.1348
 667	 750	0.1548
 667	 700	0.1452
 652	 725	0.1410
 623	 775	0.1338
 667	 950	0.0810
 681	 975	0.0895
 594	 925	0.0719
 580	 900	0.0819
 551	 900	0.0781
 580	 850	0.0981
 580	 450	0.0895
 609	 450	0.0948
 551	 450	0.0667
 652	 375	0.1038
 623	 375	0.1043
 638	 350	0.1176
 551	 350	0.1043
 536	 325	0.1148
 536	 275	0.1381
 551	 300	0.1343
 725	 550	0.1433
 594	 525	0.0829
 609	 550	0.0929
 551	 500	0.0752
 377	 350	0.1090
 391	 375	0.1138
 406	 200	0.1267
 420	 225	0.1467
 435	 200	0.1276
 391	 225	0.1495
 406	 250	0.1438
 420	 375	0.0971
 145	  50	0.0648
 464	   0	0.0476
 478	  25	0.0610
 420	  25	0.0662
 435	  50	0.0543
 406	   0	0.0667
  87	 100	0.0790
 101	  75	0.0771
 130	 125	0.1086
 145	 150	0.1010
 116	 250	0.0933
 130	 275	0.0967
 145	 250	0.1062
 159	 225	0.1148
  43	 125	0.0576
  72	 175	0.0876
  87	 150	0.0829
 101	 125	0.0990
  72	 125	0.0724
  58	 150	0.0719
 232	 250	0.1452
 174	 150	0.1100
 203	 200	0.1262
 159	 175	0.1110
 159	 275	0.1114
 435	 150	0.1186
 449	 175	0.1233
 464	 100	0.0838
 435	 100	0.0710
 420	  75	0.0676
 362	 125	0.0976
 377	 100	0.0957
 333	  75	0.0910
 362	  75	0.0805
 246	  75	0.0790
 261	 100	0.0971
 275	 175	0.1252
 261	 150	0.1129
 304	  75	0.0843
 290	 200	0.1176
 304	 175	0.1190
 246	 125	0.1043
  87	 300	0.0910
  72	 225	0.0743
  58	 200	0.0790
 290	 300	0.1457
 261	 300	0.1567
 841	 100	0.1000
 957	 250	0.0683
 942	 275	0.0690
 913	 275	0.0862
 928	 250	0.0714
 899	 200	0.1005
 913	 175	0.0862
 841	 200	0.1162
 855	 225	0.1157
 971	 175	0.0601
 971	 225	0.0687
 942	 225	0.0724
 928	 200	0.0833
 536	  25	0.0562
 551	  50	0.0681
 638	 150	0.1181
 609	 150	0.1076
 594	 125	0.1014
 609	 100	0.0900
 609	 200	0.1424
 594	 175	0.1210
 565	 175	0.1186
 580	 150	0.1129
 507	 275	0.1329
 522	 250	0.1400
 478	 175	0.1138
 464	 200	0.1214
 522	 200	0.1276
 522	 100	0.0843
 493	 100	0.0852
 478	  75	0.0829
 783	 200	0.1252
 783	   0	0.0476
 797	  25	0.0543
 696	 100	0.0976
 739	  25	0.0619
 725	   0	0.0581
 754	  50	0.0710
 652	 125	0.1176
 681	 375	0.1224
 884	 525	0.0957
 899	 500	0.0810
 899	 300	0.0900
 841	 250	0.1267
 725	 400	0.1357
 710	 375	0.1390
  43	 925	0.0624
  72	 825	0.0900
  87	 800	0.0905
  72	 625	0.0714
  72	 575	0.0800
  58	 500	0.0738
 188	 575	0.1281
  72	 525	0.0786
 145	 400	0.0938
 188	 425	0.1410
 145	 550	0.1010
 145	 600	0.1167
 159	 575	0.1190
  72	 725	0.0838
 116	 800	0.0890
 130	 825	0.1110
 333	 925	0.0752
 290	 550	0.1210
 246	 625	0.1495
 348	 800	0.1205
 290	 800	0.1362
 420	 725	0.1405
 406	 750	0.1405
 420	 575	0.0790
 435	 550	0.0733
 420	 625	0.0962
 435	 650	0.1067
 478	 625	0.0938
 464	 600	0.0819
 348	 700	0.1357
 333	 675	0.1124
 391	 725	0.1395
 754	 850	0.1105
 739	 825	0.1271
 826	 725	0.1176
 783	 800	0.1224
 826	 775	0.1243
 536	 875	0.1010
 565	 875	0.0995
 507	 875	0.1029
 522	 850	0.1071
 493	 800	0.1281
 478	 775	0.1443
 478	 825	0.1114
 725	 850	0.1124
 623	 875	0.1019
 638	 850	0.0948
 536	 825	0.1133
 507	 825	0.1148
 449	 675	0.1219
 565	 575	0.0852
 580	 600	0.0948
 449	 375	0.1076
 449	 475	0.0614
 464	 450	0.0648
 174	 850	0.1114
 246	 775	0.1333
 217	 775	0.1343
 246	 825	0.1171
  29	 300	0.0557
   0	 300	0.0505
  87	 400	0.0752
 899	 650	0.0867
 739	 625	0.1381
 812	 650	0.1229
 855	 675	0.1076
 797	 625	0.1252
 783	 600	0.1462
 768	 475	0.1490
 754	 500	0.1571
 725	 500	0.1438
 739	 525	0.1505
 812	 550	0.1324
 841	 750	0.1190
 812	 750	0.1219
 855	 775	0.1195
 841	 800	0.1267
 565	 675	0.1252
 652	 675	0.1281
 638	 650	0.1138
 565	 775	0.1443
 681	 725	0.1314
 797	 675	0.1371
 710	 625	0.1376
 681	 625	0.1200
 638	 750	0.1533
 696	 550	0.1295
 667	 550	0.1229
 594	 575	0.0943
 623	 825	0.1176
 609	 800	0.1271
 638	 800	0.1176
 623	 425	0.1014
 609	 400	0.1062
 652	 325	0.1195
 565	 525	0.0771
 580	 550	0.0829
 478	 225	0.1314
 449	 225	0.1381
 377	 250	0.1514
 159	  75	0.0700
 464	  50	0.0643
 449	  25	0.0510
 391	  25	0.0586
  29	 150	0.0562
  14	 175	0.0574
 217	 175	0.1210
 188	 225	0.1390
 130	 175	0.0981
 145	 200	0.1110
 116	 200	0.1019
 507	 125	0.0862
 478	 125	0.0986
 406	 100	0.0795
 391	  75	0.0776
 319	 200	0.1395
 101	 225	0.0862
 130	 225	0.1076
 348	 250	0.1476
 362	 225	0.1429
 319	 250	0.1538
 884	  75	0.0848
 913	  75	0.0838
 957	 100	0.0622
 942	 175	0.0714
 942	 125	0.0757
 957	 150	0.0728
 870	 200	0.1129
 580	 100	0.0929
 551	 150	0.1090
 536	 225	0.1390
 826	  25	0.0481
 667	 350	0.1205
 812	 400	0.1248
 797	 425	0.1205
 797	 475	0.1338
 652	 275	0.1357
 594	 325	0.1214
 580	 350	0.1133
 101	 625	0.0876
  58	 550	0.0686
  72	 475	0.0824
 130	 575	0.1038
 116	 550	0.0814
 101	 575	0.0857
 130	 475	0.0943
 116	 500	0.0900
 130	 525	0.1010
 101	 525	0.0910
  87	 500	0.0843
 130	 425	0.1048
 159	 425	0.1200
 174	 550	0.1238
 159	 525	0.1138
 188	 525	0.1243
 304	 575	0.1186
 217	 575	0.1233
 232	 550	0.1390
 174	 500	0.1162
 203	 450	0.1381
 232	 500	0.1352
 333	 575	0.1095
 348	 600	0.1043
 319	 600	0.1067
 377	 650	0.1048
 348	 650	0.0957
 333	 625	0.1000
 362	 625	0.0971
 391	 575	0.0943
 377	 600	0.1005
 362	 775	0.1533
 377	 800	0.1395
 391	 775	0.1462
 290	 850	0.1019
 261	 800	0.1290
 275	 825	0.1267
 391	 675	0.1195
 464	 650	0.1143
 449	 625	0.0957
 797	 825	0.1167
 725	 700	0.1390
 739	 725	0.1452
 812	 800	0.1348
 797	 775	0.1295
 826	 825	0.1238
 493	 850	0.1095
 609	 850	0.1124
 594	 875	0.0995
 565	 825	0.1138
 420	 675	0.1171
 435	 400	0.0876
 493	 400	0.0890
 188	 825	0.1181
 203	 850	0.1100
 188	 875	0.1024
  58	 400	0.0710
 870	 750	0.1110
 551	 700	0.1338
 565	 725	0.1433
 609	 700	0.1343
 638	 600	0.1057
 783	 650	0.1410
 696	 600	0.1181
 739	 675	0.1395
 768	 675	0.1467
 696	 700	0.1281
 681	 675	0.1286
 710	 675	0.1176
 696	 650	0.1276
 594	 725	0.1386
 580	 750	0.1367
 638	 550	0.1062
 652	 575	0.1067
 609	 350	0.1171
 623	 325	0.1214
 493	 250	0.1405
 478	 275	0.1386
 493	  50	0.0686
 507	  25	0.0552
  43	 175	0.0714
 232	 150	0.1081
 203	 150	0.1133
 188	 175	0.1171
 174	 200	0.1167
 464	 150	0.1105
 449	 125	0.0967
 348	 200	0.1324
 928	 100	0.0786
 565	 125	0.1019
 551	 100	0.1005
 536	 125	0.0943
 536	 175	0.1229
 551	 200	0.1281
 507	 225	0.1367
 783	 450	0.1371
 812	 450	0.1214
 754	 450	0.1533
 638	 250	0.1448
 623	 275	0.1414
 638	 300	0.1171
 609	 300	0.1229
 116	 600	0.0967
  87	 600	0.0833
  58	 600	0.0762
 101	 475	0.0819
  87	 550	0.0814
 203	 550	0.1290
 159	 475	0.0967
 203	 500	0.1314
 217	 475	0.1319
 391	 625	0.0905
 406	 600	0.0929
 304	 825	0.1219
 797	 725	0.1224
 812	 700	0.1219
 783	 700	0.1395
 768	 725	0.1438
 406	 700	0.1324
 159	 825	0.1162
 580	 700	0.1467
 623	 725	0.1300
 652	 625	0.1057
 667	 600	0.1100
 681	 575	0.1176
 623	 575	0.1019
 609	 600	0.0971
 725	 650	0.1419
 710	 725	0.1438
 594	 775	0.1438
 435	 250	0.1529
 464	 250	0.1490
 449	 275	0.1429
 899	 150	0.0929
 870	 100	0.1048
 899	 100	0.0900
 913	 125	0.0838
 826	 175	0.1195
 812	 200	0.1276
 855	 175	0.1071
 522	 150	0.1010
 101	 425	0.0910
 116	 450	0.1010
  87	 450	0.0786
 188	 475	0.1148
 768	 775	0.1271
 710	 775	0.1438
 377	 700	0.1290
 362	 675	0.1200
 623	 625	0.1071
 594	 625	0.1033
 754	 650	0.1443
 768	 625	0.1443
 870	 150	0.0957
 884	 175	0.0990
 884	 125	0.0990
 174	 450	0.1105
 754	 750	0.1367
 783	 750	0.1267
 681	 775	0.1452
 696	 750	0.1548
 826	 125	0.1000
 841	 150	0.1014
 812	 150	0.1100
 725	 750	0.1538
 739	 775	0.1329
 478	 975	0.0581
 493	 450	0.0714
 971	 775	0.0644
 971	 525	0.0701
 870	 850	0.1076
 884	 975	0.0552
 957	 700	0.0641
 565	 975	0.0457
 145	 100	0.0919
 319	   0	0.0390
 623	  25	0.0614
 754	 150	0.1086
 826	 375	0.1190
 696	 200	0.1343
 623	 225	0.1443
  14	 825	0.0593
 116	 650	0.1000
 275	 975	0.0524
 261	 450	0.1376
   0	 400	0.0415
 797	 925	0.0819
 928	 700	0.0786
 609	 500	0.0848
 246	  25	0.0524
 188	  25	0.0681
 232	   0	0.0419
 174	 100	0.0829
 188	 125	0.1014
 145	   0	0.0648
  87	   0	0.0495
   0	 100	0.0605
 377	 150	0.1038
 319	 100	0.0981
 899	   0	0.0562
 681	  25	0.0662
 971	 425	0.0665
 725	 200	0.1290
 739	 125	0.0900
 913	 475	0.0810
 884	 425	0.0933
 855	 325	0.1119
 826	 325	0.1271
 754	 400	0.1390
 565	 275	0.1329
 681	 325	0.1143
 710	 275	0.1210
  43	 975	0.0676
 101	 975	0.0771
 174	 700	0.1124
 333	 975	0.0638
 261	 900	0.0910
 290	 600	0.1295
 246	 575	0.1481
 420	 825	0.1219
 522	 350	0.1114
 217	 975	0.0610
 246	 875	0.1024
 174	 350	0.1310
 217	 325	0.1429
 217	 375	0.1367
 203	 400	0.1329
 319	 400	0.1233
  58	 450	0.0729
  58	 350	0.0724
 101	 375	0.0881
 884	 575	0.0943
 594	 425	0.1014
 377	 300	0.1252
 203	 250	0.1548
 362	 175	0.1129
 406	  50	0.0643
 855	  25	0.0686
 580	   0	0.0505
 768	 175	0.1176
 638	 400	0.1105
 841	 500	0.1214
 957	 300	0.0609
 826	 225	0.1252
 159	 975	0.0657
  58	 700	0.0767
  14	 575	0.0538
  58	 650	0.0600
 391	 975	0.0752
 319	 700	0.1390
 870	 700	0.1043
 725	 800	0.1352
 652	 875	0.0929
 551	 800	0.1333
 551	 550	0.0681
 449	 425	0.0786
 217	 875	0.0914
 130	 375	0.1038
 942	 625	0.0710
 638	 700	0.1329
 652	 975	0.0733
 594	 825	0.1224
 565	 325	0.1133
 493	   0	0.0590
 435	   0	0.0610
 116	 150	0.1000
  87	 200	0.0800
 449	  75	0.0681
 275	  75	0.0833
 957	 200	0.0695
 623	 125	0.1062
 812	   0	0.0419
 768	  25	0.0514
 681	 125	0.1095
 754	   0	0.0400
 319	 550	0.1210
 406	 650	0.1000
 522	 800	0.1357
 826	 675	0.1148
 783	 500	0.1367
 623	 675	0.1152
 493	 150	0.1000
 971	 125	0.0702
 928	 150	0.0762
 145	 500	0.1019
 145	 450	0.1143
 203	 600	0.1357
 217	 525	0.1362
 754	 700	0.1576
 464	 400	0.0914
 667	 650	0.1129
 609	 750	0.1438
 855	 125	0.1052
   0	   0	0.0550
 971	  25	0.0508
   0	 750	0.0460
 971	 975	0.0664

   1	  38	1357
   2	 236	   3
   2	   1	1357
   3	   1	   2
   4	   9	1358
   5	1230	 131
   6	  11	 350
   7	  15	1233
   8	   4	1358
   9	   4	 249
  10	 131	  11
  11	   6	  10
   5	 131	  10
  12	  22	  50
   4	   8	 564
  13	 249	   4
  13	 564	 563
   4	 564	  13
  14	  15	   7
  15	  14	  16
  16	  14	  67
  17	  19	1359
  18	  17	  20
  19	  17	  18
  20	  17	  21
  21	  17	1359
  22	 140	 653
  23	1231	 399
  24	  22	  12
  24	 140	  22
  25	 468	1232
  26	1232	 455
  27	 183	1360
  28	 173	 172
  29	 173	  28
   7	1233	 466
  30	1230	   5
  31	  79	  32
  32	 208	  31
  33	 516	  34
  34	  80	  33
  35	 399	1231
  36	 399	  35
  37	   1	   3
  38	   1	  37
  39	 868	 532
  40	  67	 278
  40	  16	  67
  41	1058	1242
  42	 303	 302
  43	 303	  42
  43	  42	1244
  44	  19	1245
  19	  18	1245
  45	 323	 118
  46	 131	1230
  47	 416	  49
  48	 399	  36
  49	 416	1280
  12	  50	1098
  50	 420	1098
  51	1234	 481
  52	1234	  51
  53	1234	  52
  54	1234	  53
  55	 186	 169
  29	 456	1250
  56	 455	  57
  57	 177	  56
  56	 177	 167
  58	  28	 172
  58	 492	 710
  59	  58	 710
  28	  58	  59
  60	 461	 184
  61	  64	  62
  61	  27	1360
  62	  27	  61
  63	  60	  62
  62	  64	  63
  64	1235	  63
  63	1235	 178
  65	  14	   7
   7	 466	  65
  66	 466	1233
  67	  14	1268
  14	  65	1268
  68	  53	 458
  68	 190	  54
  54	  53	  68
  69	1236	1251
  70	 391	1237
  71	1237	  72
  72	1237	 391
  73	 391	  70
  70	  30	  73
  73	  30	   5
  74	 202	 206
  75	  35	1231
  76	  35	  75
  77	  32	  78
  78	 778	 474
  78	  32	  79
  79	 778	  78
  80	  34	  81
  81	  34	 215
  82	1238	1256
  83	 228	1239
  84	 228	  83
  85	1239	  86
  86	1239	 228
  87	  37	   3
  88	 244	 243
  89	 536	 557
  90	   8	1358
  91	 253	 879
  92	 258	  93
  93	 258	 101
  94	1240	  95
  95	1240	 100
  96	 100	  92
  97	1240	  94
  98	1240	  97
  99	1240	  98
 100	1240	  99
  92	 100	  99
  99	 258	  92
 101	 258	 272
  15	  16	1265
  16	  40	1265
 102	 104	 103
 103	 268	 102
 103	 104	1267
 104	1241	1267
 105	  79	  31
 106	 285	  41
  41	1242	 106
 107	1058	  41
 108	1058	 296
 108	1242	1058
 108	 299	 109
 109	1242	 108
 110	1243	1266
 111	1202	1307
 112	1243	 113
 113	 606	 114
 114	 112	 113
 115	 582	 116
 116	 582	 111
 117	 309	 607
  43	1244	1162
 118	 323	1276
 119	 121	  44
 120	 123	 124
 121	 119	 120
 120	 119	 123
  44	1245	 122
 122	 119	  44
 123	 119	 122
 124	 123	 624
 124	 624	 125
 125	 624	 328
 126	  21	1359
 127	  21	 126
 128	1246	 342
 129	 365	 348
 130	 344	 927
  11	 131	 132
 131	  46	 132
 132	  46	 652
 133	 385	 350
 133	 143	 385
 134	  47	1247
 135	  47	  49
 135	 656	 136
 136	1247	 135
 135	1247	  47
 136	 656	1279
 137	  50	  22
  22	 653	 137
 138	 369	 379
 139	 793	 677
 140	  24	 141
 141	 143	 140
 142	 653	 140
 140	 143	 142
 142	 133	 352
 143	 133	 142
   5	  10	 144
 144	  73	   5
 145	 712	 489
 146	 683	 375
 147	 717	 373
 148	  48	 728
 149	 410	 398
 150	 155	 154
 151	 732	 152
 152	 732	 406
 153	  75	1231
 154	 155	 662
 155	 150	 739
 156	 414	1308
 157	 414	 156
 158	 437	 159
 159	1248	 158
 160	1249	 161
 161	1249	 450
 162	 160	 161
 163	 164	 529
 164	 163	 165
 165	 163	 530
 166	  51	 481
 167	  51	 166
 168	  55	 169
 169	1250	 168
 170	 173	  29
  29	1250	 170
 170	 459	 173
 170	1250	 169
 171	 491	 172
 172	 173	 171
 173	 459	 171
  29	  28	 175
  28	  59	 175
 174	 456	 175
 175	 456	  29
 167	 177	 176
 176	  51	 167
 177	 184	 176
 176	 184	 461
  52	  51	 176
 176	 461	  52
 178	  55	 179
 179	 168	 458
  55	 168	 179
 180	 461	  60
 180	  63	 178
  60	  63	 180
 178	 179	 180
  57	 183	 181
 181	 177	  57
 181	 184	 177
 182	  27	  62
 183	  27	 182
  62	  60	 182
  60	 184	 182
 182	 181	 183
 184	 181	 182
 185	  55	 178
 178	1235	 185
 186	  55	 185
 187	  65	 466
 188	 470	 189
 189	 786	 188
  54	 190	1109
 190	  68	 191
 191	 456	 174
  25	1232	 192
 192	1232	  26
  26	 195	 192
 193	1251	 790
 194	 166	 481
 195	 166	 194
 193	 790	 196
 196	 790	 789
 197	 778	  79
  79	 105	 197
 197	 105	 198
 198	1161	 197
 199	 488	  71
  71	  72	 199
 200	  74	 201
 201	  74	 206
 202	  74	1063
 203	  78	 474
  77	  78	 203
 204	 203	 474
 205	 203	 204
 206	 202	1018
 207	  32	  77
 208	  32	 207
 209	 810	 501
  77	 203	 210
 210	 203	 205
 210	 205	 211
 211	1252	 210
 212	 877	 558
 213	 877	 212
 214	  34	 516
 215	  34	 214
  33	  80	1284
  80	 817	1284
 216	 817	  80
  80	  81	 216
 217	1253	1255
 218	1254	 220
 219	1254	 218
 220	1255	 218
 218	1255	1253
 221	1253	 230
 221	 224	 219
 219	 218	 221
 221	 218	1253
  82	1256	1257
 222	1257	 223
 223	1257	1256
 219	 224	 225
 224	 223	 225
 225	 223	1256
 226	  84	  83
 227	  84	 544
 228	  84	 227
 229	 217	  85
  85	  86	 229
 230	1253	 229
 229	1253	 217
 230	 229	 231
 231	 229	  86
 232	 521	1259
 233	 521	 232
 232	1258	 233
 233	1258	 239
 234	 521	 235
 235	  87	 234
 236	1259	 234
 234	1259	 521
   3	 236	 234
 234	  87	   3
  37	  87	 527
 237	1238	 238
 238	 839	 237
 220	1254	 240
 239	1258	 240
 240	1254	 239
 241	1260	 524
 241	1030	 529
 242	  39	 532
 243	1261	1299
 244	  88	 245
 245	1262	 244
 246	1262	 245
 247	 761	 552
 248	 564	   8
   8	  90	 248
 249	  13	1263
 250	  13	 563
 251	1263	 250
 250	1263	  13
 252	 879	 253
 253	 572	 252
 254	  96	 577
 254	  95	 100
 100	  96	 254
 255	1264	 256
  98	  97	 256
 256	1264	  98
  98	1264	 257
 257	  99	  98
 258	  99	 257
 257	 272	 258
 259	1143	1327
 114	 606	 260
 260	 894	 114
 261	1265	 262
 262	1265	  40
 263	1241	1303
 264	 102	  91
 104	 102	 264
 265	 572	 253
 266	 253	  91
  91	 102	 266
 266	 265	 253
 267	 265	 266
 266	 102	 268
 268	 267	 266
 269	 588	 270
 270	 268	 103
 271	 588	 269
 271	 257	1264
 269	 272	 271
 272	 257	 271
 273	1243	 112
 112	 589	 273
 263	1266	 273
 273	1266	1243
 274	 589	 112
 274	 112	 114
 114	 894	 274
 275	1267	 276
 276	 589	 275
 263	 273	 276
 276	 273	 589
 276	1241	 263
 276	1267	1241
 277	 105	  31
 278	  67	 279
  67	1268	 279
 279	1269	 278
 280	1269	 279
 281	 280	 282
 282	 279	1268
 280	 279	 282
 283	  40	 278
 283	 262	  40
 284	 106	 290
 285	 106	 284
 286	 284	 290
 287	 284	 286
 288	 286	 293
 287	 286	 288
 289	1270	1271
 290	 106	 291
 291	1270	 290
 291	1242	 109
 291	 106	1242
 109	1271	 291
 291	1271	1270
 290	1270	 292
 292	 286	 290
 293	 286	 292
 294	 280	 281
 295	1272	 296
 295	1161	 198
 198	1272	 295
 296	1272	 297
 297	 108	 296
 298	 299	 297
 299	 108	 297
 110	1266	 300
 300	 582	 115
 301	1273	 818
 302	 303	 301
 303	1273	 301
 304	1243	 110
 304	 113	1243
 304	 117	 607
 110	 117	 304
 305	 299	 298
 306	 612	 305
 298	 315	 305
 305	 315	 306
 307	 612	 306
 115	 116	 307
 307	 603	 115
 306	 603	 307
 308	 309	1275
 309	 117	1275
 310	 303	  43
 311	1273	 310
 310	1273	 303
 312	 315	 298
 313	1274	 308
 314	1274	 313
 313	 312	 314
 315	 312	 313
 308	1275	 316
 316	1275	 603
 316	 313	 308
 315	 313	 316
 316	 603	 306
 306	 315	 316
 317	 618	1277
 318	 618	 317
 317	1276	 318
 318	1276	 323
 319	 618	 320
 320	 620	 319
 321	1277	 319
 319	1277	 618
 322	  45	 121
 323	  45	 322
 121	 120	 322
 324	1245	  18
 324	 122	1245
 123	 122	 325
 325	 624	 123
 122	 324	 325
 326	 620	 327
 327	 744	 326
 327	 620	 320
 320	 125	 327
 328	 744	 327
 327	 125	 328
 329	 744	 328
 329	 623	 940
 330	 633	 625
 330	 126	1359
 331	 638	1310
 332	 337	 333
 333	 673	 332
 334	 342	 335
 335	 342	1246
 336	 332	 340
 337	 332	 336
 334	 337	 336
 336	 342	 334
 338	1246	 339
 339	1246	 128
 128	 342	 341
 340	1278	 341
 341	 336	 340
 342	 336	 341
 343	 341	1278
 128	 341	 343
 344	 130	 648
 345	 650	 346
 346	 129	 345
 347	 129	 348
 348	 982	 347
 349	 345	 347
 347	 345	 129
  11	 132	 351
 350	  11	 351
 351	 133	 350
 352	 133	 351
 353	 655	1312
 354	 655	 353
 353	1279	 354
 354	1279	 656
  50	 137	 355
  49	1280	 355
 355	 420	  50
 355	1280	 420
 356	1281	 358
 357	1282	 358
 358	1282	 356
 359	 659	 740
 359	 740	 383
 360	 663	 362
 356	1282	 361
 361	1282	1082
 361	1082	 362
 362	 663	 361
 363	 668	 673
 364	1278	 340
 365	1278	 364
 366	 138	 367
 367	 982	 348
 368	 675	 369
 369	 138	 368
 368	 366	 667
 368	 138	 366
 370	 955	 372
 371	 675	1313
 372	 955	1313
 373	 717	 374
 374	 677	 373
 375	 683	 376
 376	 683	 946
 377	 675	 371
 369	 675	 377
 378	  24	  12
 379	 369	 380
 369	 377	 380
 380	 377	 679
 381	1283	 388
 382	1283	 381
 383	 691	1093
 384	 691	 383
 383	 740	 384
 385	 143	 387
 143	 141	 387
 386	 385	 387
 387	1283	 386
 388	1283	 387
 387	 141	 388
 389	 191	 174
 190	 191	 389
 390	 144	 702
  73	 144	 390
 391	  73	 390
 392	1283	 382
 386	1283	 392
 393	  59	 710
 394	 393	 710
 395	 393	 394
 396	 715	 709
 397	 715	1016
 398	 410	 719
 399	  48	 400
  48	 148	 400
  23	 399	 400
 400	 410	  23
 400	 719	 410
 148	 719	 400
 401	 953	 695
 402	 486	 721
 403	 486	 402
 404	 719	 148
 405	 732	 151
 405	 825	 511
 406	 732	1291
  33	1284	 407
 407	1284	 200
 408	 737	 409
 409	 730	 511
  23	 410	 978
 410	 149	 978
 411	 435	 154
 154	 662	 411
 411	 662	 412
 412	1248	 411
 413	 662	 155
 413	 659	 658
 414	 157	1285
 415	  47	 134
 416	  47	 415
 134	1285	 415
 415	1285	 157
 416	 415	 417
 417	 415	 157
 326	 745	 418
 418	 620	 326
 326	 744	 419
 419	 745	 326
 420	1280	1286
 421	1098	 420
 420	1286	 421
 421	1286	 749
 422	 429	 428
 422	1287	 429
 423	1287	 422
 424	 536	  89
  89	1288	 424
 424	1288	 425
 425	 757	 424
 426	 753	 756
 427	 757	 425
 425	1287	 427
 427	1287	 423
 423	 426	 427
 428	 429	1290
 429	1289	1290
 430	 877	 213
 431	 152	 406
 213	 152	 431
 406	 432	 431
 432	 433	 431
 431	 430	 213
 433	 430	 431
 434	1248	 159
 159	 760	 434
 435	 411	 434
 434	 411	1248
 436	 760	 159
 436	1290	1289
 159	 437	 436
 437	1290	 436
 406	1291	 438
 438	1291	 435
 438	 432	 406
 438	 760	 432
 435	 434	 438
 438	 434	 760
 439	 160	 440
 440	 162	 443
 160	 162	 440
 441	1249	 442
 442	 448	 441
 441	 450	1249
 443	 162	1292
 444	1292	 445
 445	1292	 162
 161	 450	 445
 445	 162	 161
 446	 985	 164
 446	 165	 552
 164	 165	 446
 442	 985	 447
 447	 448	 442
 448	1293	 449
 449	 441	 448
 450	 441	 449
 451	 753	 452
 452	1293	 451
 453	1294	1321
 423	 422	1321
 167	 166	 454
 454	 166	 195
 454	  56	 167
 455	  56	 454
  26	 455	 454
 454	 195	  26
 456	 191	 457
 457	 191	  68
 457	1250	 456
 457	 168	1250
 457	  68	 458
 458	 168	 457
 459	 170	 460
 169	 186	 460
 460	 170	 169
  52	 461	 462
 461	 180	 462
 462	  53	  52
 458	  53	 462
 462	 179	 458
 462	 180	 179
 463	1295	 774
 464	 187	 465
 465	 187	 466
 466	  66	 465
  66	 769	 465
 467	1236	  69
 468	1236	 467
 469	 769	  66
 469	  66	1233
 189	 470	 991
 470	 989	 991
 471	  69	 472
  69	1251	 472
 472	1251	 193
 473	 188	 463
 470	 188	 473
 193	 196	1314
 474	 778	 995
 475	 783	 781
 476	 783	 475
 475	 996	 477
 477	 476	 475
 478	 476	 477
 464	1295	 479
 479	 787	 591
  54	1109	 480
 480	1109	1001
 481	1234	 480
 480	1234	  54
 482	 790	1251
 482	 468	  25
 482	1236	 468
 482	1251	1236
 483	 194	 481
 481	 480	 483
 483	 480	1001
 484	 192	 195
 195	 194	 484
 485	 403	 487
 486	 403	 485
 487	 976	1214
 488	 199	 490
 489	 712	 490
 490	 199	 489
 491	 805	 493
 492	  58	 493
 172	 491	 493
 493	  58	 172
 494	  72	 391
 391	 390	 494
 495	 809	 963
 496	 145	 489
 497	 201	  76
 200	 201	 497
  76	  75	 497
 497	 407	 200
 206	1018	1296
  76	 201	 498
 498	1296	 810
 498	 201	 206
 206	1296	 498
 202	1063	1138
 499	 204	 474
 474	 995	 499
 499	 995	 996
 500	1252	 501
 500	 207	  77
  77	 210	 500
 500	 210	1252
 501	1252	 502
 502	 209	 501
 503	1297	 506
 504	1297	 503
 505	 506	 507
 506	1297	 507
 507	1297	 509
 508	1297	 504
 509	1297	 508
 504	 151	 510
 151	 152	 510
 510	 508	 504
 212	 508	 510
 510	 152	 213
 213	 212	 510
 511	 825	 512
 512	 409	 511
 408	 409	 512
 513	 503	 506
 514	 503	 513
 515	 506	 505
 215	 214	 515
 515	 513	 506
 214	 513	 515
 516	 977	 517
 517	 214	 516
 514	 513	 517
 517	 513	 214
 239	1254	 518
 518	1254	 219
 219	 225	 518
 519	 227	 864
 228	 227	 519
 519	  86	 228
 519	 231	  86
 237	 839	 520
 520	 839	 235
 235	 521	 520
 521	 233	 520
 522	 527	 523
 523	 527	  87
 523	  87	 235
 235	 839	 523
 524	1260	 525
 525	 527	 522
 526	1260	  38
  38	  37	 526
  37	 527	 526
 526	 525	1260
 527	 525	 526
 528	 876	 530
 529	1030	 528
 528	 163	 529
 530	 163	 528
 531	1035	1330
 532	 534	 533
 533	 242	 532
 534	 560	 533
 535	 242	 533
 536	 424	 537
 537	 424	 757
 537	1298	 536
 538	1298	 537
 539	1299	 540
 540	1299	1261
 541	  88	 243
 243	1299	 541
 542	 540	 543
 543	 540	1261
 544	1300	1039
 545	 543	1261
 546	 543	 545
 244	1262	 547
 547	1262	 864
 222	 223	 548
 548	 223	 224
 230	 231	1332
 246	 867	1332
 549	 245	  88
 550	 867	 246
 246	 245	 550
 245	 549	 550
 551	 843	 756
 551	 247	 554
 552	 165	 553
 553	 247	 552
 553	 165	 530
 554	 247	 553
 534	 556	 555
 555	 560	 534
 555	1045	 558
 556	1045	 555
 557	 560	 559
 558	 877	 559
 559	 555	 558
 560	 555	 559
 561	 212	 558
 558	1045	 561
 509	 508	 561
 561	 508	 212
 562	1045	 556
 563	 564	1047
 564	 248	1047
 565	 568	 887
 566	 883	 567
 567	 883	 882
 567	 565	 566
 568	 565	 567
 567	 882	 569
 569	 568	 567
 570	 251	1301
 251	 250	1301
 571	 252	 572
 572	1301	 571
 571	1301	 250
 571	 250	 563
  94	  95	1302
  95	 254	 574
 573	1302	 574
 574	1302	  95
 575	1157	 900
 575	  42	 302
 302	1157	 575
 576	 904	 581
 577	1154	 578
 578	1154	 907
 579	 578	 580
 580	 578	 907
 581	 904	1345
 582	 300	 583
 583	 300	1266
 583	1266	 263
 263	1303	 583
 584	1303	 585
 585	1303	1241
 585	1227	 584
 264	1227	 585
 585	1241	 104
 104	 264	 585
 103	1267	 586
 586	 270	 103
 586	1267	 275
 269	 270	 586
 587	1264	 255
 587	 271	1264
 588	 271	 587
 255	 915	 587
 275	 589	1337
 589	 274	1337
 590	 277	  31
 590	1304	 813
  31	 208	 590
 208	1304	 590
 591	1305	 592
 281	 282	 592
 592	1305	 281
 593	 598	1306
 594	 283	 278
 287	 283	 594
 278	1269	 594
 594	1269	 285
 285	 284	 594
 594	 284	 287
 595	 598	 261
 596	1306	 598
 597	1306	 596
 598	 595	 596
 596	 595	 288
 293	 597	 596
 596	 288	 293
 261	 262	 599
 262	 283	 599
 599	 595	 261
 288	 595	 599
 599	 283	 287
 287	 288	 599
 600	1270	 289
 600	 292	1270
 601	 294	 281
 281	1305	 601
 601	1305	 784
 602	 107	  41
 602	 294	 107
  41	 285	 602
 285	1269	 602
 602	1269	 280
 280	 294	 602
 603	1275	 604
 604	1275	 117
 115	 603	 604
 604	 300	 115
 604	 117	 110
 110	 300	 604
 605	1244	 606
 605	1162	1244
 606	 113	 605
 113	 304	 605
 607	1162	 605
 605	 304	 607
 111	1307	 608
 608	 116	 111
 289	1271	 609
 609	 614	 289
 289	 614	 610
 610	 568	 569
 569	 600	 610
 610	 600	 289
 299	 305	 611
 611	 305	 612
 109	 299	 611
 611	1271	 109
 612	 609	 611
 611	 609	1271
 613	 307	 116
 612	 307	 613
 116	 608	 613
 613	 608	 614
 613	 609	 612
 614	 609	 613
 615	 309	 308
 308	1274	 615
 616	 297	1272
 298	 297	 616
 616	 312	 298
 124	 125	 617
 617	 125	 320
 320	 618	 617
 618	 318	 617
 619	1308	 321
 321	 319	 619
 156	1308	 619
 619	 418	 156
 619	 319	 620
 620	 418	 619
 621	 324	  18
 621	  18	  20
  20	 130	 621
 621	 130	 927
 622	 329	 328
 623	 329	 622
 328	 624	 622
 624	 325	 622
 625	 627	 626
 626	 330	 625
 626	1309	 127
 627	1309	 626
 127	 126	 626
 126	 330	 626
 628	 633	 331
 331	1310	 629
 629	1310	 631
 629	 628	 331
 630	 628	 629
 631	1168	 629
 629	1168	 630
 625	 633	 632
 632	 627	 625
 633	 628	 632
 632	 628	 630
 632	1311	 627
 630	1311	 632
 634	 638	 439
 439	 440	 635
 635	 440	 443
 635	 634	 439
 636	 634	 635
 631	1310	 637
 637	1310	 638
 638	 634	 637
 637	 634	 636
 639	 337	 334
 640	 339	 641
 641	1309	 640
 338	 339	 640
 640	1311	 338
 640	1309	 627
 627	1311	 640
 642	 339	 128
 641	 339	 642
 128	 343	 642
 642	 343	 643
 346	 643	 644
 643	 343	 644
 644	 129	 346
 365	 129	 644
 644	1278	 365
 644	 343	1278
 641	 642	 645
 645	 642	 643
 646	 648	 130
 646	  21	 127
  20	  21	 646
 646	 130	  20
 647	 650	 344
 344	 648	 647
 346	 650	 647
 647	 643	 346
 647	 645	 643
 648	 645	 647
 649	 345	 349
 650	 345	 649
 651	 132	 652
 651	 351	 132
 652	1312	 651
 651	1312	 655
 651	 655	 352
 352	 351	 651
 653	 142	 654
 654	 142	 352
 352	 655	 654
 655	 354	 654
 656	 135	 657
 657	 355	 137
 657	 135	  49
  49	 355	 657
 658	 659	1339
 659	 359	1339
 412	 360	 660
 660	1248	 412
 660	 158	1248
 412	 662	 661
 661	 360	 412
 661	 413	 658
 662	 413	 661
 658	 663	 661
 663	 360	 661
 664	1281	 665
 664	 358	1281
 665	 370	 666
 666	 370	 372
 666	 664	 665
 363	 664	 666
 667	 668	 669
 668	 363	 669
 669	 666	 372
 363	 666	 669
 667	 366	 670
 670	 668	 667
 348	 365	 671
 365	 364	 671
 671	 367	 348
 366	 367	 671
 671	 670	 366
 364	 670	 671
 340	 332	 672
 672	 364	 340
 673	 668	 672
 672	 332	 673
 668	 670	 672
 672	 670	 364
 372	1313	 674
 674	1313	 675
 667	 669	 674
 674	 669	 372
 674	 368	 667
 675	 368	 674
 375	 376	 676
 676	 376	 687
 676	 374	 375
 677	 374	 676
 139	 677	 676
 676	 687	 139
 678	 377	 371
 679	 377	 678
  24	 378	 680
 388	 141	 680
 680	 141	  24
 681	 380	 679
 682	 146	 382
 382	 381	 682
 683	 146	 682
 682	 381	1097
 684	 359	 383
 383	1093	 684
 685	 953	1103
 686	 376	 946
 687	 376	 686
 688	 678	 371
 689	 678	 688
 690	 384	 692
 691	 384	 690
 690	 149	 398
 692	 149	 690
 690	 949	 691
 398	 949	 690
 693	 739	 694
 693	 384	 740
 694	 692	 693
 692	 384	 693
 695	 953	 696
 696	 953	 685
 697	 958	 707
 698	1314	 699
 699	1314	 196
 700	   6	 350
 700	 705	   6
 350	 385	 700
 700	 385	 386
   6	 705	 701
 701	  10	   6
 701	 144	  10
 702	 144	 701
 382	 146	 703
 703	 392	 382
 386	 392	 704
 704	 700	 386
 705	 700	 704
  59	 393	 706
 174	 175	 706
 706	 175	  59
 707	 958	1315
 708	 396	 709
 395	 396	 708
 709	1315	 708
 708	1315	 958
 710	 492	 711
 711	 394	 710
 492	 712	 711
 712	 145	 711
 145	1316	 711
 711	1316	 394
 395	 394	 713
 713	 396	 395
 713	1316	 971
 394	1316	 713
 714	 713	 971
 396	 713	 714
 715	 396	 714
 714	1016	 715
 716	1015	1325
 147	1317	1341
 717	 147	1341
 718	 949	 398
 398	 719	 718
 695	 696	 718
 718	 696	 949
 718	 404	 695
 719	 404	 718
 720	 793	 139
 720	 721	 486
 721	 720	 722
 139	 687	 722
 722	 720	 139
 487	 403	 723
 723	 976	 487
 724	 723	 725
 725	 723	 403
 402	 401	 725
 725	 403	 402
 724	 725	 726
 726	 725	 401
 726	 401	 695
 695	 404	 726
 727	 148	 728
 727	 404	 148
 728	1318	 727
 727	1318	 724
 724	 726	 727
 727	 726	 404
 729	 150	 154
 730	 150	 729
 154	 435	 729
 435	1291	 729
 511	 730	 731
 731	 405	 511
 730	 729	 731
 731	 729	1291
 732	 405	 731
 731	1291	 732
 733	 977	 516
 733	 516	  33
  33	 407	 733
 734	 737	 694
 734	 409	 737
 694	 739	 734
 734	 739	 150
 734	 150	 730
 730	 409	 734
 735	 737	 408
 408	1319	 735
 736	 149	 692
 736	 978	 149
 736	 692	 694
 694	 737	 736
 737	 735	 736
 736	 735	 978
 738	 693	 740
 739	 693	 738
 740	 659	 738
 659	 413	 738
 155	 739	 738
 738	 413	 155
 741	 745	 742
 742	 417	 741
 156	 418	 741
 741	 418	 745
 741	 157	 156
 741	 417	 157
 743	 329	 940
 744	 329	 743
 743	 419	 744
 742	 745	1119
 745	 419	1119
 349	 347	 746
 746	 347	 982
 747	 746	 982
 748	 746	 747
 749	1286	1320
 742	1119	1320
 416	 417	 750
 750	 417	 742
 750	1280	 416
 750	1286	1280
 742	1320	 750
 750	1320	1286
 751	1288	 752
 752	1289	 751
 425	1288	 751
 751	1287	 425
 751	1289	 429
 429	1287	 751
 452	 753	 754
 753	 426	 754
 754	1294	 452
 754	1321	1294
 754	 426	 423
 423	1321	 754
 755	 426	 756
 755	 427	 426
 756	 843	 755
 757	 427	 755
 758	 433	 752
 758	 430	 433
 758	1288	  89
 752	1288	 758
 759	1289	 752
 759	 436	1289
 752	 433	 759
 759	 433	 432
 432	 760	 759
 760	 436	 759
 448	 447	 762
 761	 451	 762
 762	1293	 448
 762	 451	1293
 763	 449	1293
 763	1293	 452
 452	1294	 763
 764	 769	 765
 765	 774	 764
 464	 465	 764
 764	 465	 769
 764	1295	 464
 764	 774	1295
 766	1322	 471
 766	 774	 765
 765	1322	 766
 767	  69	 471
 767	 467	  69
 768	 467	 767
 471	1322	 767
 767	1322	 768
 765	 769	 770
 769	 469	 770
 770	 469	 768
 770	1322	 765
 768	1322	 770
 771	 781	 783
 772	 473	 463
 773	 473	 772
 463	 774	 772
 774	 766	 772
 775	 989	 470
 470	 473	 775
 775	 473	 773
 776	 472	 193
 193	1314	 776
 777	1161	 993
 777	 197	1161
 778	 197	 777
 777	 995	 778
 779	 781	 780
 780	 771	 988
 781	 771	 780
 782	 786	 189
 783	 476	 782
 478	 477	1343
 784	 478	1343
 785	 188	 786
 786	 787	 785
 785	1295	 463
 463	 188	 785
 785	 479	1295
 787	 479	 785
 591	 787	 788
 784	1305	 788
 788	1305	 591
 788	 478	 784
 789	 790	 791
 790	 482	 791
 791	 484	 789
 192	 484	 791
  25	 192	 791
 791	 482	  25
 194	 483	 792
 792	 484	 194
 789	 484	 792
 486	 485	 794
 793	 720	 794
 794	 720	 486
 795	 485	 487
 487	1214	 795
 796	 795	 797
 797	 795	1214
 373	 677	 798
 798	 677	 793
 799	 147	 373
 373	 798	 799
 799	 798	1123
 397	1010	 800
 800	1010	 802
 801	1323	1003
 802	1323	 801
 803	1010	 397
 397	1016	 803
 803	1016	1015
 488	 490	1324
 492	 493	 804
 804	 493	 805
 804	 712	 492
 804	 490	 712
 805	1324	 804
 804	1324	 490
  72	 494	 806
 806	 494	 807
 489	 199	 806
 806	 199	  72
 806	 496	 489
 807	 496	 806
 808	 390	 702
 808	 494	 390
 807	 494	 808
 808	 963	 807
 809	1325	1111
 207	 500	 811
 810	1296	 811
 501	 810	 811
 811	 500	 501
 810	 209	 812
 812	 498	 810
  36	  35	 812
 812	 209	  36
 812	  35	  76
  76	 498	 812
 813	1304	 814
 814	1304	1018
 814	1018	 202
 202	1138	 814
 813	 814	 815
 815	 814	1138
 816	1063	  74
 816	1326	1063
 816	  74	 200
 200	1284	 816
 816	1284	 817
 817	1326	 816
 818	1273	 819
 819	 216	 818
 819	1273	 311
 311	1326	 819
 817	 216	 819
 819	1326	 817
 820	 781	 779
 820	 499	 996
 820	 996	 475
 475	 781	 820
 821	1252	 211
 821	 502	1252
 821	 211	 822
 822	1021	 821
 209	 502	 823
 728	  48	 823
 823	  48	  36
  36	 209	 823
 824	 405	 151
 825	 405	 824
 824	 151	 504
 504	 503	 824
 514	 825	 824
 824	 503	 514
 539	 540	 826
 826	 540	 542
 826	 827	 829
 826	 829	 539
 827	 826	 828
 828	 542	 858
 828	 826	 542
 505	 507	 830
 829	 827	 830
 830	1194	 505
 827	1194	 830
 514	 517	 831
 831	 517	 977
 831	 825	 514
 831	 512	 825
 239	 518	 832
 237	 520	 832
 832	 233	 239
 832	 520	 233
 833	1027	1328
 834	1027	 833
 833	1327	 834
 834	1327	1143
 835	1027	 836
 836	1300	 835
 837	1328	 835
 835	1328	1027
 522	 523	 838
 838	 523	 839
 839	 238	 838
 238	 849	 838
 840	 849	 238
 840	1329	 849
 840	1238	  82
 840	 238	1238
  82	 841	 840
 841	1329	 840
 842	 551	 554
 843	 551	 842
 844	 843	 842
 842	1042	 844
 845	 538	 844
 844	1042	 845
 846	 525	 522
 524	 525	 846
 847	1330	 876
 531	1330	 847
 848	1329	 531
 849	1329	 848
 531	 847	 848
 848	 847	 851
 522	 838	 850
 850	 838	 849
 850	 846	 522
 851	 846	 850
 849	 848	 850
 850	 848	 851
 852	 560	 557
 852	 533	 560
 852	 557	 536
 536	1298	 852
 535	 533	 852
 852	1298	 535
 853	 841	  82
  82	1257	 853
 854	 242	 535
 841	 853	 855
 855	 853	1147
 844	 538	 856
 538	 537	 856
 856	 843	 844
 856	 755	 843
 856	 537	 757
 757	 755	 856
 857	 543	 546
 858	 542	 857
 542	 543	 857
 859	1331	 909
 860	1331	 859
 861	1039	1300
 861	1331	 860
 861	1300	 836
 836	1331	 861
 243	 244	 862
 244	 547	 862
 862	1261	 243
 862	 545	1261
 863	 545	 862
 862	 547	 863
 864	 227	 865
 865	 547	 864
 865	 227	 544
 544	1039	 865
 865	1039	 863
 863	 547	 865
 224	 221	 866
 866	 548	 224
 866	 221	 230
 230	1332	 866
 867	 548	 866
 866	1332	 867
 868	  39	 869
  39	1145	 869
 869	 549	 868
 869	 550	 549
 246	1332	 870
 870	1332	 231
 864	1262	 870
 870	1262	 246
 870	 519	 864
 231	 519	 870
 532	 868	 871
 871	 534	 532
 871	 556	 534
  88	 541	 872
 872	 549	  88
 868	 549	 872
 872	 871	 868
 222	 548	 873
 873	1145	 222
 873	 548	 867
 867	 550	 873
 873	 869	1145
 550	 869	 873
 761	 247	 874
 247	 551	 874
 874	 451	 761
 753	 451	 874
 756	 753	 874
 874	 551	 756
 530	 876	 875
 875	 553	 530
 876	1330	 875
 554	 553	 875
 877	 430	 878
 878	 559	 877
 878	 758	  89
 430	 758	 878
  89	 557	 878
 557	 559	 878
 539	 829	1044
 879	 252	1198
 880	 889	 593
 881	 597	 882
 882	 883	 881
 593	1306	 881
 881	1306	 597
 881	 880	 593
 883	 880	 881
 566	 565	 884
 884	 891	 566
 885	 891	 884
 886	1307	1202
 887	1307	 886
 888	 889	1333
 889	 880	 890
 890	 880	 883
 890	1333	 889
 891	1333	 890
 890	 883	 566
 566	 891	 890
 259	 573	 892
 573	 574	 892
 892	1143	 259
 892	 579	1143
 893	 254	 577
 893	 574	 254
 577	 578	 893
 893	 578	 579
 579	 892	 893
 893	 892	 574
 894	 260	 895
 895	1334	 894
 896	1334	 895
 895	 901	 896
  92	  93	 897
  93	1334	 897
 897	  96	  92
 897	1334	 896
 898	1244	  42
  42	 575	 898
 606	1244	 898
 898	 260	 606
 896	 901	1153
 899	 575	 900
 900	 901	 899
 260	 898	 899
 899	 898	 575
 899	 895	 260
 901	 895	 899
 818	 216	 902
 902	 216	  81
 903	 301	 818
 818	 902	 903
 903	 902	1140
 904	 576	 905
 905	 576	1022
 858	 904	 905
 905	 828	 858
 906	 576	 581
 907	1036	 908
 908	 580	 907
 909	 580	 908
 908	 859	 909
 910	1303	 584
 910	 583	1303
 910	1202	 111
 910	 584	1202
 111	 582	 910
 582	 583	 910
 911	1335	 912
 912	 265	 267
 912	1336	 911
 267	1336	 912
 269	 586	 913
 913	 586	 275
 913	 272	 269
 101	 272	 913
 913	1337	 101
 275	1337	 913
 911	1336	1338
 588	 587	 914
 914	 587	 915
 915	1338	 914
 914	1338	1336
 916	 267	 268
 916	1336	 267
 268	 270	 916
 916	 270	 588
 588	 914	 916
 916	 914	1336
 917	 274	 894
 917	1337	 274
 894	1334	 917
 917	1334	  93
 917	  93	 101
 101	1337	 917
 918	 590	 813
 277	 590	 918
 919	 187	 464
 464	 479	 919
 919	 479	 591
 591	 592	 919
 920	1268	  65
  65	 187	 920
 920	 282	1268
 920	 592	 282
 187	 919	 920
 920	 919	 592
 293	 292	 921
 292	 600	 921
 921	 597	 293
 882	 597	 921
 569	 882	 921
 921	 600	 569
 107	 294	1160
 294	 601	1160
 887	 568	 922
 568	 610	 922
 922	1307	 887
 922	 608	1307
 614	 608	 922
 922	 610	 614
 311	 310	1165
 923	1272	 198
 923	 616	1272
 198	 105	 923
 105	 277	 923
 924	 918	 314
 277	 918	 924
 314	 312	 924
 312	 616	 924
 924	 923	 277
 616	 923	 924
 925	 318	 323
 925	 617	 318
 323	 322	 925
 925	 322	 120
 925	 120	 124
 124	 617	 925
 623	 622	 926
 926	 622	 325
 927	 623	 926
 926	 621	 927
 926	 325	 324
 324	 621	 926
 928	1311	 630
 630	1168	 928
 338	1311	 928
 929	1168	 631
 930	 635	 443
 636	 635	 930
 930	 932	 636
 931	 639	 937
 932	 930	1074
 933	 422	 428
 428	1076	 933
 453	1321	 933
 933	1321	 422
 934	1076	 428
 428	1290	 934
 934	1290	 437
 935	1068	1072
 936	 639	 334
 937	 639	 936
 334	 335	 936
 335	1166	 936
 938	 645	 648
 648	 646	 938
 938	1309	 641
 641	 645	 938
 127	1309	 938
 938	 646	 127
 939	 649	 940
 650	 649	 939
 940	 623	 939
 939	 623	 927
 927	 344	 939
 344	 650	 939
 941	 354	 656
 941	 654	 354
 656	 657	 941
 941	 657	 137
 941	 137	 653
 653	 654	 941
 658	1339	 942
 356	 361	 942
 942	 663	 658
 942	 361	 663
 362	1082	1351
 158	 660	1174
 943	 363	 673
 943	 664	 363
 943	 333	 357
 943	 673	 333
 357	 358	 943
 358	 664	 943
 665	1281	1088
 944	 681	 679
 944	 680	 378
 378	 681	 944
 380	 681	 945
 379	 380	 945
 945	1099	 379
 946	 683	 947
 683	 682	 947
 947	1097	 689
 947	 682	1097
 948	1093	 691
 948	1176	1093
 691	 949	 948
 949	 696	 948
 685	1176	 948
 948	 696	 685
 950	1176	 685
 685	1103	 950
 950	1103	 951
 951	1340	 950
 952	1103	 953
 402	 721	 952
 952	 401	 402
 953	 401	 952
 371	1313	 954
 954	 688	 371
 954	1313	 955
 955	1212	 954
 689	 688	 956
 946	 947	 956
 956	 947	 689
 957	 389	 174
 957	 697	 389
 958	 697	 957
 174	 706	 957
 959	1179	 698
 698	 699	 959
 960	 697	 707
 961	1108	 999
 962	 808	 702
 963	 808	 962
 962	 965	 495
 495	 963	 962
 964	 701	 705
 965	 962	 964
 702	 701	 964
 964	 962	 702
 717	1341	 966
 966	1341	 973
 375	 374	 967
 967	 374	 717
 967	 146	 375
 967	 703	 146
 717	 966	 967
 967	 966	 703
 968	 966	 973
 703	 966	 968
 392	 703	 968
 968	 704	 392
 969	 393	 395
 969	 706	 393
 395	 708	 969
 969	 708	 958
 958	 957	 969
 969	 957	 706
 145	 496	 970
 970	1316	 145
 971	1316	 970
 970	1111	 971
 972	 965	 973
 973	1341	 972
 495	 965	 972
 972	1341	1317
 687	 686	 974
 974	 722	 687
 724	1318	 975
 975	 723	 724
 975	1318	1021
 976	 723	 975
 153	1319	1353
 977	 733	1353
  23	 978	 979
 978	 735	 979
 979	1231	  23
 979	 153	1231
 979	1319	 153
 979	 735	1319
 419	 743	 980
 980	1119	 419
 981	 138	 379
 981	 367	 138
 981	1099	 747
 379	1099	 981
 982	 367	 981
 981	 747	 982
 983	 421	 749
 747	1099	 983
 749	 748	 983
 748	 747	 983
 552	 761	 984
 761	 762	 984
 984	 446	 552
 985	 446	 984
 984	 447	 985
 984	 762	 447
 986	1205	 444
 986	 763	1294
 986	1294	 453
 453	1205	 986
 987	 776	 773
 472	 776	 987
 773	 772	 987
 987	 772	 766
 471	 472	 987
 987	 766	 471
 988	 771	1216
 698	1179	1342
 989	 775	1342
 990	 775	 773
 773	 776	 990
 698	1342	 990
 990	1342	 775
 990	1314	 698
 990	 776	1314
 991	1216	 992
 992	1216	 771
 189	 991	 992
 992	 782	 189
 992	 771	 783
 783	 782	 992
 993	1343	 994
 994	1343	 477
 994	 777	 993
 995	 777	 994
 996	 995	 994
 994	 477	 996
 997	 787	 786
 997	 788	 787
 786	 782	 997
 997	 782	 476
 997	 476	 478
 478	 788	 997
 998	 961	 999
 999	 959	 998
 998	 959	 699
1000	 483	1001
1000	 792	 483
1001	 961	1000
 961	 998	1000
1002	 794	 485
1002	 795	 796
 485	 795	1002
1003	1323	1344
 796	 797	1344
1003	1344	1004
1004	1344	 797
 716	1317	1005
1005	1317	 147
 147	 799	1005
1006	 800	 802
 802	 801	1006
 989	1342	1007
1007	1342	1179
1008	 780	 988
1008	1133	1009
1009	1133	1354
1003	1004	1354
1010	 803	1355
 204	 499	1011
 779	1188	1011
1011	 820	 779
 499	 820	1011
 205	 204	1012
1012	1188	1137
 204	1011	1012
1012	1011	1188
 976	 975	1013
1013	 975	1021
1013	1021	 822
 822	1189	1013
1014	1325	1015
1014	1111	1325
1015	1016	1014
1016	 714	1014
1014	 714	 971
 971	1111	1014
1017	1296	1018
1017	 811	1296
1017	1304	 208
1018	1304	1017
 208	 207	1017
 207	 811	1017
1019	 615	1274
1020	1318	 728
 728	 823	1020
1021	1318	1020
1020	 821	1021
 502	 821	1020
1020	 823	 502
1022	1140	1195
1023	 905	1022
 828	 905	1023
1023	1195	1194
1022	1195	1023
 827	 828	1023
1023	1194	 827
 829	 830	1024
1024	 830	 507
1024	 507	 509
1024	1044	 829
1025	1238	 237
 237	 832	1025
1025	1256	1238
1025	 225	1256
1025	 518	 225
1025	 832	 518
 909	1331	1026
1026	1331	 836
 836	1027	1026
1027	 834	1026
1028	1300	 544
1028	 835	1300
 544	  84	1028
  84	 226	1028
1028	 226	 837
 837	 835	1028
1029	 241	 524
 524	 846	1029
1030	 241	1029
1029	 846	 851
  39	 242	1031
 242	 854	1031
1031	1145	  39
1031	 854	1147
 538	 845	1032
1032	 854	 535
 535	1298	1032
1032	1298	 538
1033	1329	 841
 841	 855	1033
1033	1035	 531
 531	1329	1033
1034	1042	1035
1034	 845	1042
1035	1033	1034
1034	1033	 855
1036	1345	1037
1037	 908	1036
 859	 908	1037
1038	 860	 546
1038	 861	 860
 546	 545	1038
1038	 545	 863
 863	1039	1038
1039	 861	1038
1040	 872	 541
 871	 872	1040
1040	 562	 556
 556	 871	1040
 554	 875	1041
1041	 875	1330
1041	 842	 554
1042	 842	1041
1035	1042	1041
1041	1330	1035
 509	 561	1043
1043	 561	1045
1043	1024	 509
1044	1024	1043
1045	 562	1043
 562	1044	1043
 252	 571	1046
1046	1198	 252
 563	1047	1046
1046	 571	 563
1047	1199	1046
1046	1199	1198
  90	1346	1048
1048	 248	  90
1048	1346	1050
1049	 891	 885
 885	1347	1049
 888	1333	1049
1049	1333	 891
1050	1346	1051
1051	1347	1050
1051	1346	 888
 888	1049	1051
1051	1049	1347
1052	 884	 565
1052	 565	 887
 887	 886	1052
  96	 897	1053
1053	 897	 896
 577	  96	1053
1053	1154	 577
 896	1153	1053
1053	1153	1154
1054	 901	 900
1054	1153	 901
1055	1157	 302
1055	 906	1157
 302	 301	1055
 301	 903	1055
 265	 912	1056
1056	 912	1335
 572	 265	1056
1056	1301	 572
1056	1335	 570
 570	1301	1056
1057	1019	1274
 815	1019	1057
1057	1274	 314
 314	 918	1057
 813	 815	1057
1057	 918	 813
 107	1160	1059
 296	1058	1059
1058	 107	1059
1059	 295	 296
1060	1160	 601
1060	 601	 784
 784	1343	1060
1060	1343	 993
 309	 615	1061
 607	 309	1061
1061	1162	 607
1062	1138	1063
 311	1165	1062
1062	1326	 311
1063	1326	1062
 338	 928	1064
1064	1166	 335
1064	1246	 338
1064	 335	1246
1065	 637	 636
 636	 932	1065
 631	 637	1065
1065	 929	 631
 443	1292	1066
1066	 930	 443
1066	1074	 930
 357	 333	1350
 639	 931	1350
 333	 337	1350
 337	 639	1350
 937	 936	1067
1067	 936	1166
1067	 935	 937
1068	 935	1067
1067	1166	1069
1069	1068	1067
1070	1348	1071
1071	1348	1072
 932	1074	1073
1072	1068	1073
1073	1071	1072
1074	1071	1073
1070	1206	1349
1075	1205	 453
1075	1206	1205
 453	 933	1075
1075	 933	1076
1076	1349	1075
1075	1349	1206
1077	 931	 937
 937	 935	1077
1072	1348	1078
1078	 935	1072
1079	1077	1078
1078	1077	 935
1080	1281	 356
 356	 942	1080
1080	 942	1339
1080	1088	1281
1081	1350	 931
1082	1282	1081
1081	1282	 357
 357	1350	1081
1079	1078	1083
1083	1078	1348
1084	 934	 437
 437	 158	1084
 158	1174	1084
 362	1351	1085
1085	1174	 660
1085	 360	 362
1085	 660	 360
1086	 684	1087
1087	1088	1086
1086	1339	 359
 359	 684	1086
1086	1080	1339
1088	1080	1086
1089	1212	1090
1090	1092	1089
 955	 370	1090
1090	1212	 955
1091	 370	 665
 665	1088	1091
1091	1090	 370
1092	1090	1091
1091	1088	1087
1087	1092	1091
1093	1176	1094
1094	1092	1087
1094	 684	1093
1087	 684	1094
 679	 678	1095
1095	 944	 679
 689	1097	1095
1095	 678	 689
1096	 381	 388
1097	 381	1096
 388	 680	1096
 680	 944	1096
1096	1095	1097
 944	1095	1096
1098	 421	1100
1099	 945	1100
 421	 983	1100
1100	 983	1099
1101	1212	1089
1089	1340	1101
 721	 722	1102
1102	 952	 721
1102	 974	 951
 722	 974	1102
 951	1103	1102
1103	 952	1102
1104	1109	 190
 190	 389	1104
 389	 697	1104
 697	 960	1104
 999	1108	1222
1105	1352	1106
1106	1352	1181
1107	 960	1108
1108	 961	1107
1109	1104	1107
1107	1104	 960
1001	1109	1107
1107	 961	1001
 705	 704	1110
1110	 964	 705
1110	 968	 973
 704	 968	1110
 973	 965	1110
 965	 964	1110
 809	1111	1112
1111	 970	1112
 807	 963	1112
1112	 963	 809
1112	 496	 807
1112	 970	 496
 495	 972	1113
1113	 972	1317
1113	 809	 495
1113	1325	 809
1113	1317	 716
 716	1325	1113
1114	 974	 686
1114	1101	1340
1114	1340	 951
 951	 974	1114
 977	1353	1115
1115	1353	1319
1115	 831	 977
 512	 831	1115
1115	1319	 408
 408	 512	1115
1116	 733	 407
1116	1353	 733
1116	 497	  75
 407	 497	1116
  75	 153	1116
 153	1353	1116
 349	 746	1117
1117	 746	 748
1118	 748	 749
 749	1320	1118
1118	1117	 748
 980	1117	1118
1118	1320	1119
1119	 980	1118
1120	 986	 444
 763	 986	1120
 444	 445	1120
1120	 445	 450
 450	 449	1120
 449	 763	1120
1121	 699	 196
1121	 998	 699
1121	 196	 789
 789	 792	1121
 792	1000	1121
1121	1000	 998
1122	 798	 793
1123	 798	1122
 793	 794	1122
 794	1002	1122
 796	1344	1124
1124	1344	1323
1125	1189	1137
1126	1216	 991
1126	1007	1129
1126	 991	 989
 989	1007	1126
1127	1188	 779
1127	1008	1009
 779	 780	1127
 780	1008	1127
1105	1132	1128
1128	1352	1105
1129	1352	1128
1130	1132	1105
1130	1006	 801
1131	 801	1003
1003	1354	1131
1131	1130	 801
1132	1130	1131
1133	1132	1131
1131	1354	1133
1134	1355	1135
1135	1005	 799
1135	 799	1123
1123	1134	1135
 205	1012	1136
1136	1012	1137
 822	 211	1136
 211	 205	1136
1136	1189	 822
1137	1189	1136
1138	1062	1139
1139	1062	1165
1139	 815	1138
1139	1019	 815
1140	 902	1141
1141	1195	1140
1141	  81	 215
1141	 902	  81
1142	 834	1143
1142	1026	 834
1143	 579	1142
 579	 580	1142
1142	 580	 909
 909	1026	1142
1144	 528	1030
1030	1029	1144
 876	 528	1144
1144	 847	 876
 851	 847	1144
1144	1029	 851
 222	1145	1146
1145	1031	1146
1146	1257	 222
1146	 853	1257
1147	 853	1146
1146	1031	1147
1148	1032	 845
 845	1034	1148
1147	 854	1148
 854	1032	1148
1148	 855	1147
1148	1034	 855
1149	1345	 904
1149	1037	1345
1149	 904	 858
 858	 857	1149
 860	 859	1150
 859	1037	1150
 546	 860	1150
1150	 857	 546
1150	1149	 857
1037	1149	1150
1151	1044	 562
 562	1040	1151
1151	1299	 539
 539	1044	1151
1151	 541	1299
1151	1040	 541
1050	1347	1200
 248	1048	1152
1152	1048	1050
1152	1047	 248
1152	1199	1047
1050	1200	1152
1152	1200	1199
 885	 884	1218
 884	1052	1218
1153	1054	1155
 907	1154	1155
1154	1153	1155
1155	1036	 907
1156	 906	 581
1156	1054	 900
 900	1157	1156
1157	 906	1156
 576	 906	1158
 906	1055	1158
1158	1140	1022
1022	 576	1158
1158	 903	1140
1158	1055	 903
1159	1059	1160
1160	1060	1159
1161	 295	1159
 295	1059	1159
 993	1161	1159
1159	1060	 993
  43	1162	1163
1162	1061	1163
1163	 310	  43
1163	1165	 310
1164	1139	1165
1019	1139	1164
1165	1163	1164
1164	1163	1061
 615	1019	1164
1164	1061	 615
1069	1166	1167
1166	1064	1167
1167	 929	1069
1168	 929	1167
1167	 928	1168
1167	1064	 928
1074	1066	1169
1169	1206	1070
1070	1071	1169
1169	1071	1074
1069	 929	1170
 929	1065	1170
1170	1068	1069
1170	1073	1068
1170	1065	 932
 932	1073	1170
1079	1351	1171
1171	1077	1079
1171	1351	1082
1082	1081	1171
 931	1077	1171
1171	1081	 931
1172	1083	1348
1172	1348	1070
1070	1349	1172
1173	1085	1351
1174	1085	1173
1173	1351	1079
1079	1083	1173
1089	1092	1175
1092	1094	1175
1175	1340	1089
1175	 950	1340
1176	 950	1175
1175	1094	1176
1098	1100	1177
1177	1100	 945
  12	1098	1177
1177	 378	  12
1177	 681	 378
1177	 945	 681
1178	 959	 999
 999	1222	1178
1179	 959	1178
1178	1222	1181
1129	1007	1180
1180	1352	1129
1180	1007	1179
1179	1178	1180
1181	1352	1180
1180	1178	1181
 707	1315	1229
1182	 686	 946
1182	1114	 686
 946	 956	1182
1101	1114	1182
1183	 980	 743
1183	1117	 980
 940	 649	1183
1183	 743	 940
1183	 649	 349
 349	1117	1183
1184	1002	 796
1184	1122	1002
 796	1124	1184
1184	1124	1134
1184	1134	1123
1123	1122	1184
1185	1355	1134
1134	1124	1185
 802	1010	1185
1010	1355	1185
1185	1323	 802
1185	1124	1323
1009	1354	1186
1186	1354	1004
1187	1127	1009
1188	1127	1187
1009	1186	1187
1187	1186	1125
1137	1188	1187
1187	1125	1137
1189	1125	1190
1190	1214	 976
 976	1013	1190
1190	1013	1189
1191	1008	 988
1133	1008	1191
1191	1132	1133
1191	1128	1132
1006	1130	1192
1105	1106	1192
1192	1130	1105
 716	1005	1193
1005	1135	1193
1193	1015	 716
1193	 803	1015
1193	1355	 803
1193	1135	1355
1194	1195	1196
1195	1141	1196
1196	 515	 505
 505	1194	1196
 215	 515	1196
1196	1141	 215
1197	1347	 885
1197	1200	1347
 885	1218	1197
1198	1199	1219
1199	1200	1219
1200	1197	1219
1201	 886	1202
1202	 584	1201
 584	1227	1201
1203	1052	 886
1203	1218	1052
 886	1201	1203
1204	1345	1036
1036	1155	1204
 581	1345	1204
1204	1156	 581
1204	1155	1054
1054	1156	1204
1205	1206	1207
1206	1169	1207
1207	1292	 444
 444	1205	1207
1207	1066	1292
1207	1169	1066
1083	1172	1208
1208	1084	1174
1174	1173	1208
1208	1173	1083
 707	1229	1209
1209	1222	1108
1209	 960	 707
1108	 960	1209
1210	1315	 709
1210	1229	1315
1211	1182	 956
1101	1182	1211
 688	 954	1211
1211	 956	 688
1211	 954	1212
1212	1101	1211
1213	 797	1214
1214	1190	1213
1213	1004	 797
1213	1186	1004
1125	1186	1213
1213	1190	1125
1129	1128	1215
1128	1191	1215
1215	1126	1129
1216	1126	1215
 988	1216	1215
1215	1191	 988
1217	1197	1218
1217	1219	1197
1218	1203	1217
 879	1198	1356
1198	1219	1356
1219	1217	1356
 934	1084	1220
1084	1208	1220
1076	 934	1220
1220	1349	1076
1220	1172	1349
1220	1208	1172
1221	1106	1181
1221	1209	1229
1181	1222	1221
1222	1209	1221
 709	 715	1223
1223	1210	 709
1223	 715	 397
 397	 800	1223
 800	1006	1224
1006	1192	1224
1224	1223	 800
1210	1223	1224
  91	 879	1225
 879	1356	1225
1225	 264	  91
1225	1227	 264
1226	1201	1227
1226	1203	1201
1227	1225	1226
1226	1225	1356
1226	1217	1203
1226	1356	1217
1106	1221	1228
1228	1221	1229
1228	1192	1106
1228	1224	1192
1229	1210	1228
1210	1224	1228
